kdr:0.9012345679012346
rot:0.19460500963391136
hsr:0.4506849315068493
wlr:0.49554140127388535
lmw:1
lmkdr:1.2
lmm:0
lmd:828
